{
 "cells": [
  {
   "cell_type": "code",
   "execution_count": 45,
   "metadata": {},
   "outputs": [
    {
     "name": "stdout",
     "output_type": "stream",
     "text": [
      "<class 'pandas.core.frame.DataFrame'>\n",
      "Int64Index: 1000 entries, 0 to 999\n",
      "Data columns (total 10 columns):\n",
      " #   Column           Non-Null Count  Dtype  \n",
      "---  ------           --------------  -----  \n",
      " 0   CreditScore      1000 non-null   int64  \n",
      " 1   Gender           1000 non-null   object \n",
      " 2   Age              1000 non-null   int64  \n",
      " 3   Tenure           1000 non-null   int64  \n",
      " 4   Balance          1000 non-null   float64\n",
      " 5   NumOfProducts    1000 non-null   int64  \n",
      " 6   HasCard          1000 non-null   int64  \n",
      " 7   IsActive         1000 non-null   int64  \n",
      " 8   EstimatedSalary  1000 non-null   float64\n",
      " 9   Exit             1000 non-null   int64  \n",
      "dtypes: float64(2), int64(7), object(1)\n",
      "memory usage: 85.9+ KB\n",
      "\n",
      "shape of df => (1000, 10)\n",
      "df has null values ? => False\n"
     ]
    }
   ],
   "source": [
    "import pandas as p\n",
    "import numpy as np\n",
    "import plotly as py\n",
    "import sklearn as sk\n",
    "from sklearn import svm\n",
    "from sklearn.preprocessing import StandardScaler\n",
    "from sklearn.model_selection import train_test_split,cross_val_score,GridSearchCV,validation_curve,StratifiedKFold\n",
    "from sklearn.metrics import confusion_matrix,roc_curve,precision_score,precision_recall_curve,auc,recall_score,plot_precision_recall_curve\n",
    "import plotly.express as px\n",
    "import plotly.io as pio\n",
    "import plotly.graph_objects as go\n",
    "import chart_studio.tools as tls\n",
    "\n",
    "df=p.read_csv('bank_churning_dataset.csv',index_col=0)\n",
    "\n",
    "df.info()\n",
    "print('\\nshape of df =>',df.shape)\n",
    "print('df has null values ? =>',df.isnull().values.any())\n",
    "\n"
   ]
  },
  {
   "cell_type": "code",
   "execution_count": 46,
   "metadata": {},
   "outputs": [
    {
     "data": {
      "text/html": [
       "<div>\n",
       "<style scoped>\n",
       "    .dataframe tbody tr th:only-of-type {\n",
       "        vertical-align: middle;\n",
       "    }\n",
       "\n",
       "    .dataframe tbody tr th {\n",
       "        vertical-align: top;\n",
       "    }\n",
       "\n",
       "    .dataframe thead th {\n",
       "        text-align: right;\n",
       "    }\n",
       "</style>\n",
       "<table border=\"1\" class=\"dataframe\">\n",
       "  <thead>\n",
       "    <tr style=\"text-align: right;\">\n",
       "      <th></th>\n",
       "      <th>CreditScore</th>\n",
       "      <th>Gender</th>\n",
       "      <th>Age</th>\n",
       "      <th>Tenure</th>\n",
       "      <th>Balance</th>\n",
       "      <th>NumOfProducts</th>\n",
       "      <th>HasCard</th>\n",
       "      <th>IsActive</th>\n",
       "      <th>EstimatedSalary</th>\n",
       "      <th>Exit</th>\n",
       "    </tr>\n",
       "  </thead>\n",
       "  <tbody>\n",
       "    <tr>\n",
       "      <th>0</th>\n",
       "      <td>619</td>\n",
       "      <td>Female</td>\n",
       "      <td>42</td>\n",
       "      <td>2</td>\n",
       "      <td>0.00</td>\n",
       "      <td>1</td>\n",
       "      <td>1</td>\n",
       "      <td>1</td>\n",
       "      <td>101348.88</td>\n",
       "      <td>1</td>\n",
       "    </tr>\n",
       "    <tr>\n",
       "      <th>1</th>\n",
       "      <td>608</td>\n",
       "      <td>Female</td>\n",
       "      <td>41</td>\n",
       "      <td>1</td>\n",
       "      <td>83807.86</td>\n",
       "      <td>1</td>\n",
       "      <td>0</td>\n",
       "      <td>1</td>\n",
       "      <td>112542.58</td>\n",
       "      <td>0</td>\n",
       "    </tr>\n",
       "    <tr>\n",
       "      <th>2</th>\n",
       "      <td>502</td>\n",
       "      <td>Female</td>\n",
       "      <td>42</td>\n",
       "      <td>8</td>\n",
       "      <td>159660.80</td>\n",
       "      <td>3</td>\n",
       "      <td>1</td>\n",
       "      <td>0</td>\n",
       "      <td>113931.57</td>\n",
       "      <td>1</td>\n",
       "    </tr>\n",
       "    <tr>\n",
       "      <th>3</th>\n",
       "      <td>699</td>\n",
       "      <td>Female</td>\n",
       "      <td>39</td>\n",
       "      <td>1</td>\n",
       "      <td>0.00</td>\n",
       "      <td>2</td>\n",
       "      <td>0</td>\n",
       "      <td>0</td>\n",
       "      <td>93826.63</td>\n",
       "      <td>0</td>\n",
       "    </tr>\n",
       "    <tr>\n",
       "      <th>4</th>\n",
       "      <td>850</td>\n",
       "      <td>Female</td>\n",
       "      <td>43</td>\n",
       "      <td>2</td>\n",
       "      <td>125510.82</td>\n",
       "      <td>1</td>\n",
       "      <td>1</td>\n",
       "      <td>1</td>\n",
       "      <td>79084.10</td>\n",
       "      <td>0</td>\n",
       "    </tr>\n",
       "  </tbody>\n",
       "</table>\n",
       "</div>"
      ],
      "text/plain": [
       "   CreditScore  Gender  Age  Tenure    Balance  NumOfProducts  HasCard  \\\n",
       "0          619  Female   42       2       0.00              1        1   \n",
       "1          608  Female   41       1   83807.86              1        0   \n",
       "2          502  Female   42       8  159660.80              3        1   \n",
       "3          699  Female   39       1       0.00              2        0   \n",
       "4          850  Female   43       2  125510.82              1        1   \n",
       "\n",
       "   IsActive  EstimatedSalary  Exit  \n",
       "0         1        101348.88     1  \n",
       "1         1        112542.58     0  \n",
       "2         0        113931.57     1  \n",
       "3         0         93826.63     0  \n",
       "4         1         79084.10     0  "
      ]
     },
     "execution_count": 46,
     "metadata": {},
     "output_type": "execute_result"
    }
   ],
   "source": [
    "df.head()\n"
   ]
  },
  {
   "cell_type": "code",
   "execution_count": 47,
   "metadata": {},
   "outputs": [
    {
     "data": {
      "application/vnd.plotly.v1+json": {
       "config": {
        "plotlyServerURL": "https://plotly.com"
       },
       "data": [
        {
         "coloraxis": "coloraxis",
         "hovertemplate": "x: %{x}<br>y: %{y}<br>color: %{z}<extra></extra>",
         "type": "heatmap",
         "x": [
          "CreditScore",
          "Age",
          "Tenure",
          "Balance",
          "NumOfProducts",
          "HasCard",
          "IsActive",
          "EstimatedSalary",
          "Exit"
         ],
         "y": [
          "CreditScore",
          "Age",
          "Tenure",
          "Balance",
          "NumOfProducts",
          "HasCard",
          "IsActive",
          "EstimatedSalary",
          "Exit"
         ],
         "z": [
          [
           1,
           -0.03171757233894527,
           -0.010517163894356283,
           0.05769563171012833,
           -0.0040782402563097914,
           0.001395055393335786,
           0.03618530971288208,
           0.013437999642581659,
           -0.06477632812910859
          ],
          [
           -0.03171757233894527,
           1,
           -0.05495015382731792,
           -0.014981303753791548,
           -0.05601682343900042,
           -0.026709819048235484,
           0.1178805800716161,
           0.014976306004990574,
           0.29606936208302836
          ],
          [
           -0.010517163894356283,
           -0.05495015382731792,
           1,
           -0.04183616614555675,
           0.06808658472976127,
           0.04307768668579469,
           -0.055773677930325026,
           0.02078472238496803,
           -0.060601922396444775
          ],
          [
           0.05769563171012833,
           -0.014981303753791548,
           -0.04183616614555675,
           1,
           -0.32297875461627273,
           0.016855171001143726,
           -0.022176476420973836,
           -0.028980805848336653,
           0.09823299742342767
          ],
          [
           -0.0040782402563097914,
           -0.05601682343900042,
           0.06808658472976127,
           -0.32297875461627273,
           1,
           -0.004099276952454421,
           0.030584555398576307,
           0.03879207566753399,
           -0.05664405839021643
          ],
          [
           0.001395055393335786,
           -0.026709819048235484,
           0.04307768668579469,
           0.016855171001143726,
           -0.004099276952454421,
           1,
           -0.021131083902463436,
           -0.07723596386343426,
           0.0031933742670679963
          ],
          [
           0.03618530971288208,
           0.1178805800716161,
           -0.055773677930325026,
           -0.022176476420973836,
           0.030584555398576307,
           -0.021131083902463436,
           1,
           0.013601110092423336,
           -0.2126364216223609
          ],
          [
           0.013437999642581659,
           0.014976306004990574,
           0.02078472238496803,
           -0.028980805848336653,
           0.03879207566753399,
           -0.07723596386343426,
           0.013601110092423336,
           1,
           -0.011813656601131274
          ],
          [
           -0.06477632812910859,
           0.29606936208302836,
           -0.060601922396444775,
           0.09823299742342767,
           -0.05664405839021643,
           0.0031933742670679963,
           -0.2126364216223609,
           -0.011813656601131274,
           1
          ]
         ]
        }
       ],
       "layout": {
        "coloraxis": {
         "colorscale": [
          [
           0,
           "#0d0887"
          ],
          [
           0.1111111111111111,
           "#46039f"
          ],
          [
           0.2222222222222222,
           "#7201a8"
          ],
          [
           0.3333333333333333,
           "#9c179e"
          ],
          [
           0.4444444444444444,
           "#bd3786"
          ],
          [
           0.5555555555555556,
           "#d8576b"
          ],
          [
           0.6666666666666666,
           "#ed7953"
          ],
          [
           0.7777777777777778,
           "#fb9f3a"
          ],
          [
           0.8888888888888888,
           "#fdca26"
          ],
          [
           1,
           "#f0f921"
          ]
         ]
        },
        "margin": {
         "t": 60
        },
        "template": {
         "data": {
          "bar": [
           {
            "error_x": {
             "color": "#2a3f5f"
            },
            "error_y": {
             "color": "#2a3f5f"
            },
            "marker": {
             "line": {
              "color": "#E5ECF6",
              "width": 0.5
             }
            },
            "type": "bar"
           }
          ],
          "barpolar": [
           {
            "marker": {
             "line": {
              "color": "#E5ECF6",
              "width": 0.5
             }
            },
            "type": "barpolar"
           }
          ],
          "carpet": [
           {
            "aaxis": {
             "endlinecolor": "#2a3f5f",
             "gridcolor": "white",
             "linecolor": "white",
             "minorgridcolor": "white",
             "startlinecolor": "#2a3f5f"
            },
            "baxis": {
             "endlinecolor": "#2a3f5f",
             "gridcolor": "white",
             "linecolor": "white",
             "minorgridcolor": "white",
             "startlinecolor": "#2a3f5f"
            },
            "type": "carpet"
           }
          ],
          "choropleth": [
           {
            "colorbar": {
             "outlinewidth": 0,
             "ticks": ""
            },
            "type": "choropleth"
           }
          ],
          "contour": [
           {
            "colorbar": {
             "outlinewidth": 0,
             "ticks": ""
            },
            "colorscale": [
             [
              0,
              "#0d0887"
             ],
             [
              0.1111111111111111,
              "#46039f"
             ],
             [
              0.2222222222222222,
              "#7201a8"
             ],
             [
              0.3333333333333333,
              "#9c179e"
             ],
             [
              0.4444444444444444,
              "#bd3786"
             ],
             [
              0.5555555555555556,
              "#d8576b"
             ],
             [
              0.6666666666666666,
              "#ed7953"
             ],
             [
              0.7777777777777778,
              "#fb9f3a"
             ],
             [
              0.8888888888888888,
              "#fdca26"
             ],
             [
              1,
              "#f0f921"
             ]
            ],
            "type": "contour"
           }
          ],
          "contourcarpet": [
           {
            "colorbar": {
             "outlinewidth": 0,
             "ticks": ""
            },
            "type": "contourcarpet"
           }
          ],
          "heatmap": [
           {
            "colorbar": {
             "outlinewidth": 0,
             "ticks": ""
            },
            "colorscale": [
             [
              0,
              "#0d0887"
             ],
             [
              0.1111111111111111,
              "#46039f"
             ],
             [
              0.2222222222222222,
              "#7201a8"
             ],
             [
              0.3333333333333333,
              "#9c179e"
             ],
             [
              0.4444444444444444,
              "#bd3786"
             ],
             [
              0.5555555555555556,
              "#d8576b"
             ],
             [
              0.6666666666666666,
              "#ed7953"
             ],
             [
              0.7777777777777778,
              "#fb9f3a"
             ],
             [
              0.8888888888888888,
              "#fdca26"
             ],
             [
              1,
              "#f0f921"
             ]
            ],
            "type": "heatmap"
           }
          ],
          "heatmapgl": [
           {
            "colorbar": {
             "outlinewidth": 0,
             "ticks": ""
            },
            "colorscale": [
             [
              0,
              "#0d0887"
             ],
             [
              0.1111111111111111,
              "#46039f"
             ],
             [
              0.2222222222222222,
              "#7201a8"
             ],
             [
              0.3333333333333333,
              "#9c179e"
             ],
             [
              0.4444444444444444,
              "#bd3786"
             ],
             [
              0.5555555555555556,
              "#d8576b"
             ],
             [
              0.6666666666666666,
              "#ed7953"
             ],
             [
              0.7777777777777778,
              "#fb9f3a"
             ],
             [
              0.8888888888888888,
              "#fdca26"
             ],
             [
              1,
              "#f0f921"
             ]
            ],
            "type": "heatmapgl"
           }
          ],
          "histogram": [
           {
            "marker": {
             "colorbar": {
              "outlinewidth": 0,
              "ticks": ""
             }
            },
            "type": "histogram"
           }
          ],
          "histogram2d": [
           {
            "colorbar": {
             "outlinewidth": 0,
             "ticks": ""
            },
            "colorscale": [
             [
              0,
              "#0d0887"
             ],
             [
              0.1111111111111111,
              "#46039f"
             ],
             [
              0.2222222222222222,
              "#7201a8"
             ],
             [
              0.3333333333333333,
              "#9c179e"
             ],
             [
              0.4444444444444444,
              "#bd3786"
             ],
             [
              0.5555555555555556,
              "#d8576b"
             ],
             [
              0.6666666666666666,
              "#ed7953"
             ],
             [
              0.7777777777777778,
              "#fb9f3a"
             ],
             [
              0.8888888888888888,
              "#fdca26"
             ],
             [
              1,
              "#f0f921"
             ]
            ],
            "type": "histogram2d"
           }
          ],
          "histogram2dcontour": [
           {
            "colorbar": {
             "outlinewidth": 0,
             "ticks": ""
            },
            "colorscale": [
             [
              0,
              "#0d0887"
             ],
             [
              0.1111111111111111,
              "#46039f"
             ],
             [
              0.2222222222222222,
              "#7201a8"
             ],
             [
              0.3333333333333333,
              "#9c179e"
             ],
             [
              0.4444444444444444,
              "#bd3786"
             ],
             [
              0.5555555555555556,
              "#d8576b"
             ],
             [
              0.6666666666666666,
              "#ed7953"
             ],
             [
              0.7777777777777778,
              "#fb9f3a"
             ],
             [
              0.8888888888888888,
              "#fdca26"
             ],
             [
              1,
              "#f0f921"
             ]
            ],
            "type": "histogram2dcontour"
           }
          ],
          "mesh3d": [
           {
            "colorbar": {
             "outlinewidth": 0,
             "ticks": ""
            },
            "type": "mesh3d"
           }
          ],
          "parcoords": [
           {
            "line": {
             "colorbar": {
              "outlinewidth": 0,
              "ticks": ""
             }
            },
            "type": "parcoords"
           }
          ],
          "pie": [
           {
            "automargin": true,
            "type": "pie"
           }
          ],
          "scatter": [
           {
            "marker": {
             "colorbar": {
              "outlinewidth": 0,
              "ticks": ""
             }
            },
            "type": "scatter"
           }
          ],
          "scatter3d": [
           {
            "line": {
             "colorbar": {
              "outlinewidth": 0,
              "ticks": ""
             }
            },
            "marker": {
             "colorbar": {
              "outlinewidth": 0,
              "ticks": ""
             }
            },
            "type": "scatter3d"
           }
          ],
          "scattercarpet": [
           {
            "marker": {
             "colorbar": {
              "outlinewidth": 0,
              "ticks": ""
             }
            },
            "type": "scattercarpet"
           }
          ],
          "scattergeo": [
           {
            "marker": {
             "colorbar": {
              "outlinewidth": 0,
              "ticks": ""
             }
            },
            "type": "scattergeo"
           }
          ],
          "scattergl": [
           {
            "marker": {
             "colorbar": {
              "outlinewidth": 0,
              "ticks": ""
             }
            },
            "type": "scattergl"
           }
          ],
          "scattermapbox": [
           {
            "marker": {
             "colorbar": {
              "outlinewidth": 0,
              "ticks": ""
             }
            },
            "type": "scattermapbox"
           }
          ],
          "scatterpolar": [
           {
            "marker": {
             "colorbar": {
              "outlinewidth": 0,
              "ticks": ""
             }
            },
            "type": "scatterpolar"
           }
          ],
          "scatterpolargl": [
           {
            "marker": {
             "colorbar": {
              "outlinewidth": 0,
              "ticks": ""
             }
            },
            "type": "scatterpolargl"
           }
          ],
          "scatterternary": [
           {
            "marker": {
             "colorbar": {
              "outlinewidth": 0,
              "ticks": ""
             }
            },
            "type": "scatterternary"
           }
          ],
          "surface": [
           {
            "colorbar": {
             "outlinewidth": 0,
             "ticks": ""
            },
            "colorscale": [
             [
              0,
              "#0d0887"
             ],
             [
              0.1111111111111111,
              "#46039f"
             ],
             [
              0.2222222222222222,
              "#7201a8"
             ],
             [
              0.3333333333333333,
              "#9c179e"
             ],
             [
              0.4444444444444444,
              "#bd3786"
             ],
             [
              0.5555555555555556,
              "#d8576b"
             ],
             [
              0.6666666666666666,
              "#ed7953"
             ],
             [
              0.7777777777777778,
              "#fb9f3a"
             ],
             [
              0.8888888888888888,
              "#fdca26"
             ],
             [
              1,
              "#f0f921"
             ]
            ],
            "type": "surface"
           }
          ],
          "table": [
           {
            "cells": {
             "fill": {
              "color": "#EBF0F8"
             },
             "line": {
              "color": "white"
             }
            },
            "header": {
             "fill": {
              "color": "#C8D4E3"
             },
             "line": {
              "color": "white"
             }
            },
            "type": "table"
           }
          ]
         },
         "layout": {
          "annotationdefaults": {
           "arrowcolor": "#2a3f5f",
           "arrowhead": 0,
           "arrowwidth": 1
          },
          "coloraxis": {
           "colorbar": {
            "outlinewidth": 0,
            "ticks": ""
           }
          },
          "colorscale": {
           "diverging": [
            [
             0,
             "#8e0152"
            ],
            [
             0.1,
             "#c51b7d"
            ],
            [
             0.2,
             "#de77ae"
            ],
            [
             0.3,
             "#f1b6da"
            ],
            [
             0.4,
             "#fde0ef"
            ],
            [
             0.5,
             "#f7f7f7"
            ],
            [
             0.6,
             "#e6f5d0"
            ],
            [
             0.7,
             "#b8e186"
            ],
            [
             0.8,
             "#7fbc41"
            ],
            [
             0.9,
             "#4d9221"
            ],
            [
             1,
             "#276419"
            ]
           ],
           "sequential": [
            [
             0,
             "#0d0887"
            ],
            [
             0.1111111111111111,
             "#46039f"
            ],
            [
             0.2222222222222222,
             "#7201a8"
            ],
            [
             0.3333333333333333,
             "#9c179e"
            ],
            [
             0.4444444444444444,
             "#bd3786"
            ],
            [
             0.5555555555555556,
             "#d8576b"
            ],
            [
             0.6666666666666666,
             "#ed7953"
            ],
            [
             0.7777777777777778,
             "#fb9f3a"
            ],
            [
             0.8888888888888888,
             "#fdca26"
            ],
            [
             1,
             "#f0f921"
            ]
           ],
           "sequentialminus": [
            [
             0,
             "#0d0887"
            ],
            [
             0.1111111111111111,
             "#46039f"
            ],
            [
             0.2222222222222222,
             "#7201a8"
            ],
            [
             0.3333333333333333,
             "#9c179e"
            ],
            [
             0.4444444444444444,
             "#bd3786"
            ],
            [
             0.5555555555555556,
             "#d8576b"
            ],
            [
             0.6666666666666666,
             "#ed7953"
            ],
            [
             0.7777777777777778,
             "#fb9f3a"
            ],
            [
             0.8888888888888888,
             "#fdca26"
            ],
            [
             1,
             "#f0f921"
            ]
           ]
          },
          "colorway": [
           "#636efa",
           "#EF553B",
           "#00cc96",
           "#ab63fa",
           "#FFA15A",
           "#19d3f3",
           "#FF6692",
           "#B6E880",
           "#FF97FF",
           "#FECB52"
          ],
          "font": {
           "color": "#2a3f5f"
          },
          "geo": {
           "bgcolor": "white",
           "lakecolor": "white",
           "landcolor": "#E5ECF6",
           "showlakes": true,
           "showland": true,
           "subunitcolor": "white"
          },
          "hoverlabel": {
           "align": "left"
          },
          "hovermode": "closest",
          "mapbox": {
           "style": "light"
          },
          "paper_bgcolor": "white",
          "plot_bgcolor": "#E5ECF6",
          "polar": {
           "angularaxis": {
            "gridcolor": "white",
            "linecolor": "white",
            "ticks": ""
           },
           "bgcolor": "#E5ECF6",
           "radialaxis": {
            "gridcolor": "white",
            "linecolor": "white",
            "ticks": ""
           }
          },
          "scene": {
           "xaxis": {
            "backgroundcolor": "#E5ECF6",
            "gridcolor": "white",
            "gridwidth": 2,
            "linecolor": "white",
            "showbackground": true,
            "ticks": "",
            "zerolinecolor": "white"
           },
           "yaxis": {
            "backgroundcolor": "#E5ECF6",
            "gridcolor": "white",
            "gridwidth": 2,
            "linecolor": "white",
            "showbackground": true,
            "ticks": "",
            "zerolinecolor": "white"
           },
           "zaxis": {
            "backgroundcolor": "#E5ECF6",
            "gridcolor": "white",
            "gridwidth": 2,
            "linecolor": "white",
            "showbackground": true,
            "ticks": "",
            "zerolinecolor": "white"
           }
          },
          "shapedefaults": {
           "line": {
            "color": "#2a3f5f"
           }
          },
          "ternary": {
           "aaxis": {
            "gridcolor": "white",
            "linecolor": "white",
            "ticks": ""
           },
           "baxis": {
            "gridcolor": "white",
            "linecolor": "white",
            "ticks": ""
           },
           "bgcolor": "#E5ECF6",
           "caxis": {
            "gridcolor": "white",
            "linecolor": "white",
            "ticks": ""
           }
          },
          "title": {
           "x": 0.05
          },
          "xaxis": {
           "automargin": true,
           "gridcolor": "white",
           "linecolor": "white",
           "ticks": "",
           "title": {
            "standoff": 15
           },
           "zerolinecolor": "white",
           "zerolinewidth": 2
          },
          "yaxis": {
           "automargin": true,
           "gridcolor": "white",
           "linecolor": "white",
           "ticks": "",
           "title": {
            "standoff": 15
           },
           "zerolinecolor": "white",
           "zerolinewidth": 2
          }
         }
        },
        "xaxis": {
         "constrain": "domain",
         "scaleanchor": "y"
        },
        "yaxis": {
         "autorange": "reversed",
         "constrain": "domain"
        }
       }
      },
      "text/html": [
       "<div>\n",
       "        \n",
       "        \n",
       "            <div id=\"6ba6dfe5-1e62-45ca-918e-cf80199b2106\" class=\"plotly-graph-div\" style=\"height:525px; width:100%;\"></div>\n",
       "            <script type=\"text/javascript\">\n",
       "                require([\"plotly\"], function(Plotly) {\n",
       "                    window.PLOTLYENV=window.PLOTLYENV || {};\n",
       "                    \n",
       "                if (document.getElementById(\"6ba6dfe5-1e62-45ca-918e-cf80199b2106\")) {\n",
       "                    Plotly.newPlot(\n",
       "                        '6ba6dfe5-1e62-45ca-918e-cf80199b2106',\n",
       "                        [{\"coloraxis\": \"coloraxis\", \"hovertemplate\": \"x: %{x}<br>y: %{y}<br>color: %{z}<extra></extra>\", \"type\": \"heatmap\", \"x\": [\"CreditScore\", \"Age\", \"Tenure\", \"Balance\", \"NumOfProducts\", \"HasCard\", \"IsActive\", \"EstimatedSalary\", \"Exit\"], \"y\": [\"CreditScore\", \"Age\", \"Tenure\", \"Balance\", \"NumOfProducts\", \"HasCard\", \"IsActive\", \"EstimatedSalary\", \"Exit\"], \"z\": [[1.0, -0.03171757233894527, -0.010517163894356283, 0.05769563171012833, -0.0040782402563097914, 0.001395055393335786, 0.03618530971288208, 0.013437999642581659, -0.06477632812910859], [-0.03171757233894527, 1.0, -0.05495015382731792, -0.014981303753791548, -0.05601682343900042, -0.026709819048235484, 0.1178805800716161, 0.014976306004990574, 0.29606936208302836], [-0.010517163894356283, -0.05495015382731792, 1.0, -0.04183616614555675, 0.06808658472976127, 0.04307768668579469, -0.055773677930325026, 0.02078472238496803, -0.060601922396444775], [0.05769563171012833, -0.014981303753791548, -0.04183616614555675, 1.0, -0.32297875461627273, 0.016855171001143726, -0.022176476420973836, -0.028980805848336653, 0.09823299742342767], [-0.0040782402563097914, -0.05601682343900042, 0.06808658472976127, -0.32297875461627273, 1.0, -0.004099276952454421, 0.030584555398576307, 0.03879207566753399, -0.05664405839021643], [0.001395055393335786, -0.026709819048235484, 0.04307768668579469, 0.016855171001143726, -0.004099276952454421, 1.0, -0.021131083902463436, -0.07723596386343426, 0.0031933742670679963], [0.03618530971288208, 0.1178805800716161, -0.055773677930325026, -0.022176476420973836, 0.030584555398576307, -0.021131083902463436, 1.0, 0.013601110092423336, -0.2126364216223609], [0.013437999642581659, 0.014976306004990574, 0.02078472238496803, -0.028980805848336653, 0.03879207566753399, -0.07723596386343426, 0.013601110092423336, 1.0, -0.011813656601131274], [-0.06477632812910859, 0.29606936208302836, -0.060601922396444775, 0.09823299742342767, -0.05664405839021643, 0.0031933742670679963, -0.2126364216223609, -0.011813656601131274, 1.0]]}],\n",
